augmented/7-2/frame_000_20250615_162714_511439.jpg 1 0 0 50 50
augmented/7-2/frame_000_20250615_162714_511439_aug1.jpg 1 0 0 50 50
augmented/7-2/frame_000_20250615_162714_511439_aug2.jpg 1 0 0 50 50
augmented/7-2/frame_000_20250615_162714_511439_aug3.jpg 1 0 0 50 50
augmented/7-2/frame_000_20250615_162714_511439_aug4.jpg 1 0 0 50 50
augmented/7-2/frame_001_20250615_162714_755679.jpg 1 0 0 50 50
augmented/7-2/frame_001_20250615_162714_755679_aug1.jpg 1 0 0 50 50
augmented/7-2/frame_001_20250615_162714_755679_aug2.jpg 1 0 0 50 50
augmented/7-2/frame_001_20250615_162714_755679_aug3.jpg 1 0 0 50 50
augmented/7-2/frame_001_20250615_162714_755679_aug4.jpg 1 0 0 50 50
augmented/7-2/frame_002_20250615_162714_963232.jpg 1 0 0 50 50
augmented/7-2/frame_002_20250615_162714_963232_aug1.jpg 1 0 0 50 50
augmented/7-2/frame_002_20250615_162714_963232_aug2.jpg 1 0 0 50 50
augmented/7-2/frame_002_20250615_162714_963232_aug3.jpg 1 0 0 50 50
augmented/7-2/frame_002_20250615_162714_963232_aug4.jpg 1 0 0 50 50
augmented/7-2/frame_003_20250615_162715_188556.jpg 1 0 0 50 50
augmented/7-2/frame_003_20250615_162715_188556_aug1.jpg 1 0 0 50 50
augmented/7-2/frame_003_20250615_162715_188556_aug2.jpg 1 0 0 50 50
augmented/7-2/frame_003_20250615_162715_188556_aug3.jpg 1 0 0 50 50
augmented/7-2/frame_003_20250615_162715_188556_aug4.jpg 1 0 0 50 50
augmented/7-2/frame_004_20250615_162715_392370.jpg 1 0 0 50 50
augmented/7-2/frame_004_20250615_162715_392370_aug1.jpg 1 0 0 50 50
augmented/7-2/frame_004_20250615_162715_392370_aug2.jpg 1 0 0 50 50
augmented/7-2/frame_004_20250615_162715_392370_aug3.jpg 1 0 0 50 50
augmented/7-2/frame_004_20250615_162715_392370_aug4.jpg 1 0 0 50 50
augmented/7-2/frame_005_20250615_162715_615671.jpg 1 0 0 50 50
augmented/7-2/frame_005_20250615_162715_615671_aug1.jpg 1 0 0 50 50
augmented/7-2/frame_005_20250615_162715_615671_aug2.jpg 1 0 0 50 50
augmented/7-2/frame_005_20250615_162715_615671_aug3.jpg 1 0 0 50 50
augmented/7-2/frame_005_20250615_162715_615671_aug4.jpg 1 0 0 50 50
augmented/7-2/frame_006_20250615_162715_830345.jpg 1 0 0 50 50
augmented/7-2/frame_006_20250615_162715_830345_aug1.jpg 1 0 0 50 50
augmented/7-2/frame_006_20250615_162715_830345_aug2.jpg 1 0 0 50 50
augmented/7-2/frame_006_20250615_162715_830345_aug3.jpg 1 0 0 50 50
augmented/7-2/frame_006_20250615_162715_830345_aug4.jpg 1 0 0 50 50
augmented/7-2/frame_007_20250615_162716_040818.jpg 1 0 0 50 50
augmented/7-2/frame_007_20250615_162716_040818_aug1.jpg 1 0 0 50 50
augmented/7-2/frame_007_20250615_162716_040818_aug2.jpg 1 0 0 50 50
augmented/7-2/frame_007_20250615_162716_040818_aug3.jpg 1 0 0 50 50
augmented/7-2/frame_007_20250615_162716_040818_aug4.jpg 1 0 0 50 50
augmented/7-2/frame_008_20250615_162716_248153.jpg 1 0 0 50 50
augmented/7-2/frame_008_20250615_162716_248153_aug1.jpg 1 0 0 50 50
augmented/7-2/frame_008_20250615_162716_248153_aug2.jpg 1 0 0 50 50
augmented/7-2/frame_008_20250615_162716_248153_aug3.jpg 1 0 0 50 50
augmented/7-2/frame_008_20250615_162716_248153_aug4.jpg 1 0 0 50 50
augmented/7-2/frame_009_20250615_162716_461066.jpg 1 0 0 50 50
augmented/7-2/frame_009_20250615_162716_461066_aug1.jpg 1 0 0 50 50
augmented/7-2/frame_009_20250615_162716_461066_aug2.jpg 1 0 0 50 50
augmented/7-2/frame_009_20250615_162716_461066_aug3.jpg 1 0 0 50 50
augmented/7-2/frame_009_20250615_162716_461066_aug4.jpg 1 0 0 50 50
augmented/7-2/frame_010_20250615_162716_669490.jpg 1 0 0 50 50
augmented/7-2/frame_010_20250615_162716_669490_aug1.jpg 1 0 0 50 50
augmented/7-2/frame_010_20250615_162716_669490_aug2.jpg 1 0 0 50 50
augmented/7-2/frame_010_20250615_162716_669490_aug3.jpg 1 0 0 50 50
augmented/7-2/frame_010_20250615_162716_669490_aug4.jpg 1 0 0 50 50
augmented/7-2/frame_011_20250615_162716_889993.jpg 1 0 0 50 50
augmented/7-2/frame_011_20250615_162716_889993_aug1.jpg 1 0 0 50 50
augmented/7-2/frame_011_20250615_162716_889993_aug2.jpg 1 0 0 50 50
augmented/7-2/frame_011_20250615_162716_889993_aug3.jpg 1 0 0 50 50
augmented/7-2/frame_011_20250615_162716_889993_aug4.jpg 1 0 0 50 50
augmented/7-2/frame_012_20250615_162717_106234.jpg 1 0 0 50 50
augmented/7-2/frame_012_20250615_162717_106234_aug1.jpg 1 0 0 50 50
augmented/7-2/frame_012_20250615_162717_106234_aug2.jpg 1 0 0 50 50
augmented/7-2/frame_012_20250615_162717_106234_aug3.jpg 1 0 0 50 50
augmented/7-2/frame_012_20250615_162717_106234_aug4.jpg 1 0 0 50 50
augmented/7-2/frame_013_20250615_162717_318812.jpg 1 0 0 50 50
augmented/7-2/frame_013_20250615_162717_318812_aug1.jpg 1 0 0 50 50
augmented/7-2/frame_013_20250615_162717_318812_aug2.jpg 1 0 0 50 50
augmented/7-2/frame_013_20250615_162717_318812_aug3.jpg 1 0 0 50 50
augmented/7-2/frame_013_20250615_162717_318812_aug4.jpg 1 0 0 50 50
augmented/7-2/frame_014_20250615_162717_515266.jpg 1 0 0 50 50
augmented/7-2/frame_014_20250615_162717_515266_aug1.jpg 1 0 0 50 50
augmented/7-2/frame_014_20250615_162717_515266_aug2.jpg 1 0 0 50 50
augmented/7-2/frame_014_20250615_162717_515266_aug3.jpg 1 0 0 50 50
augmented/7-2/frame_014_20250615_162717_515266_aug4.jpg 1 0 0 50 50
augmented/7-2/frame_015_20250615_162717_738418.jpg 1 0 0 50 50
augmented/7-2/frame_015_20250615_162717_738418_aug1.jpg 1 0 0 50 50
augmented/7-2/frame_015_20250615_162717_738418_aug2.jpg 1 0 0 50 50
augmented/7-2/frame_015_20250615_162717_738418_aug3.jpg 1 0 0 50 50
augmented/7-2/frame_015_20250615_162717_738418_aug4.jpg 1 0 0 50 50
augmented/7-2/frame_016_20250615_162717_954319.jpg 1 0 0 50 50
augmented/7-2/frame_016_20250615_162717_954319_aug1.jpg 1 0 0 50 50
augmented/7-2/frame_016_20250615_162717_954319_aug2.jpg 1 0 0 50 50
augmented/7-2/frame_016_20250615_162717_954319_aug3.jpg 1 0 0 50 50
augmented/7-2/frame_016_20250615_162717_954319_aug4.jpg 1 0 0 50 50
augmented/7-2/frame_017_20250615_162718_163916.jpg 1 0 0 50 50
augmented/7-2/frame_017_20250615_162718_163916_aug1.jpg 1 0 0 50 50
augmented/7-2/frame_017_20250615_162718_163916_aug2.jpg 1 0 0 50 50
augmented/7-2/frame_017_20250615_162718_163916_aug3.jpg 1 0 0 50 50
augmented/7-2/frame_017_20250615_162718_163916_aug4.jpg 1 0 0 50 50
augmented/7-2/frame_018_20250615_162718_399617.jpg 1 0 0 50 50
augmented/7-2/frame_018_20250615_162718_399617_aug1.jpg 1 0 0 50 50
augmented/7-2/frame_018_20250615_162718_399617_aug2.jpg 1 0 0 50 50
augmented/7-2/frame_018_20250615_162718_399617_aug3.jpg 1 0 0 50 50
augmented/7-2/frame_018_20250615_162718_399617_aug4.jpg 1 0 0 50 50
augmented/7-2/frame_019_20250615_162718_621026.jpg 1 0 0 50 50
augmented/7-2/frame_019_20250615_162718_621026_aug1.jpg 1 0 0 50 50
augmented/7-2/frame_019_20250615_162718_621026_aug2.jpg 1 0 0 50 50
augmented/7-2/frame_019_20250615_162718_621026_aug3.jpg 1 0 0 50 50
augmented/7-2/frame_019_20250615_162718_621026_aug4.jpg 1 0 0 50 50
augmented/7-3/frame_000_20250615_162718_798473.jpg 1 0 0 50 50
augmented/7-3/frame_000_20250615_162718_798473_aug1.jpg 1 0 0 50 50
augmented/7-3/frame_000_20250615_162718_798473_aug2.jpg 1 0 0 50 50
augmented/7-3/frame_000_20250615_162718_798473_aug3.jpg 1 0 0 50 50
augmented/7-3/frame_000_20250615_162718_798473_aug4.jpg 1 0 0 50 50
augmented/7-3/frame_001_20250615_162719_063769.jpg 1 0 0 50 50
augmented/7-3/frame_001_20250615_162719_063769_aug1.jpg 1 0 0 50 50
augmented/7-3/frame_001_20250615_162719_063769_aug2.jpg 1 0 0 50 50
augmented/7-3/frame_001_20250615_162719_063769_aug3.jpg 1 0 0 50 50
augmented/7-3/frame_001_20250615_162719_063769_aug4.jpg 1 0 0 50 50
augmented/7-3/frame_002_20250615_162719_314180.jpg 1 0 0 50 50
augmented/7-3/frame_002_20250615_162719_314180_aug1.jpg 1 0 0 50 50
augmented/7-3/frame_002_20250615_162719_314180_aug2.jpg 1 0 0 50 50
augmented/7-3/frame_002_20250615_162719_314180_aug3.jpg 1 0 0 50 50
augmented/7-3/frame_002_20250615_162719_314180_aug4.jpg 1 0 0 50 50
augmented/7-3/frame_003_20250615_162719_580964.jpg 1 0 0 50 50
augmented/7-3/frame_003_20250615_162719_580964_aug1.jpg 1 0 0 50 50
augmented/7-3/frame_003_20250615_162719_580964_aug2.jpg 1 0 0 50 50
augmented/7-3/frame_003_20250615_162719_580964_aug3.jpg 1 0 0 50 50
augmented/7-3/frame_003_20250615_162719_580964_aug4.jpg 1 0 0 50 50
augmented/7-3/frame_004_20250615_162719_862272.jpg 1 0 0 50 50
augmented/7-3/frame_004_20250615_162719_862272_aug1.jpg 1 0 0 50 50
augmented/7-3/frame_004_20250615_162719_862272_aug2.jpg 1 0 0 50 50
augmented/7-3/frame_004_20250615_162719_862272_aug3.jpg 1 0 0 50 50
augmented/7-3/frame_004_20250615_162719_862272_aug4.jpg 1 0 0 50 50
augmented/7-3/frame_005_20250615_162720_146480.jpg 1 0 0 50 50
augmented/7-3/frame_005_20250615_162720_146480_aug1.jpg 1 0 0 50 50
augmented/7-3/frame_005_20250615_162720_146480_aug2.jpg 1 0 0 50 50
augmented/7-3/frame_005_20250615_162720_146480_aug3.jpg 1 0 0 50 50
augmented/7-3/frame_005_20250615_162720_146480_aug4.jpg 1 0 0 50 50
augmented/7-3/frame_006_20250615_162720_410276.jpg 1 0 0 50 50
augmented/7-3/frame_006_20250615_162720_410276_aug1.jpg 1 0 0 50 50
augmented/7-3/frame_006_20250615_162720_410276_aug2.jpg 1 0 0 50 50
augmented/7-3/frame_006_20250615_162720_410276_aug3.jpg 1 0 0 50 50
augmented/7-3/frame_006_20250615_162720_410276_aug4.jpg 1 0 0 50 50
augmented/7-3/frame_007_20250615_162720_683505.jpg 1 0 0 50 50
augmented/7-3/frame_007_20250615_162720_683505_aug1.jpg 1 0 0 50 50
augmented/7-3/frame_007_20250615_162720_683505_aug2.jpg 1 0 0 50 50
augmented/7-3/frame_007_20250615_162720_683505_aug3.jpg 1 0 0 50 50
augmented/7-3/frame_007_20250615_162720_683505_aug4.jpg 1 0 0 50 50
augmented/7-3/frame_008_20250615_162720_915699.jpg 1 0 0 50 50
augmented/7-3/frame_008_20250615_162720_915699_aug1.jpg 1 0 0 50 50
augmented/7-3/frame_008_20250615_162720_915699_aug2.jpg 1 0 0 50 50
augmented/7-3/frame_008_20250615_162720_915699_aug3.jpg 1 0 0 50 50
augmented/7-3/frame_008_20250615_162720_915699_aug4.jpg 1 0 0 50 50
augmented/7-3/frame_009_20250615_162721_162064.jpg 1 0 0 50 50
augmented/7-3/frame_009_20250615_162721_162064_aug1.jpg 1 0 0 50 50
augmented/7-3/frame_009_20250615_162721_162064_aug2.jpg 1 0 0 50 50
augmented/7-3/frame_009_20250615_162721_162064_aug3.jpg 1 0 0 50 50
augmented/7-3/frame_009_20250615_162721_162064_aug4.jpg 1 0 0 50 50
augmented/7-3/frame_010_20250615_162721_415348.jpg 1 0 0 50 50
augmented/7-3/frame_010_20250615_162721_415348_aug1.jpg 1 0 0 50 50
augmented/7-3/frame_010_20250615_162721_415348_aug2.jpg 1 0 0 50 50
augmented/7-3/frame_010_20250615_162721_415348_aug3.jpg 1 0 0 50 50
augmented/7-3/frame_010_20250615_162721_415348_aug4.jpg 1 0 0 50 50
augmented/7-3/frame_011_20250615_162721_695054.jpg 1 0 0 50 50
augmented/7-3/frame_011_20250615_162721_695054_aug1.jpg 1 0 0 50 50
augmented/7-3/frame_011_20250615_162721_695054_aug2.jpg 1 0 0 50 50
augmented/7-3/frame_011_20250615_162721_695054_aug3.jpg 1 0 0 50 50
augmented/7-3/frame_011_20250615_162721_695054_aug4.jpg 1 0 0 50 50
augmented/7-3/frame_012_20250615_162721_971460.jpg 1 0 0 50 50
augmented/7-3/frame_012_20250615_162721_971460_aug1.jpg 1 0 0 50 50
augmented/7-3/frame_012_20250615_162721_971460_aug2.jpg 1 0 0 50 50
augmented/7-3/frame_012_20250615_162721_971460_aug3.jpg 1 0 0 50 50
augmented/7-3/frame_012_20250615_162721_971460_aug4.jpg 1 0 0 50 50
augmented/7-3/frame_013_20250615_162722_244671.jpg 1 0 0 50 50
augmented/7-3/frame_013_20250615_162722_244671_aug1.jpg 1 0 0 50 50
augmented/7-3/frame_013_20250615_162722_244671_aug2.jpg 1 0 0 50 50
augmented/7-3/frame_013_20250615_162722_244671_aug3.jpg 1 0 0 50 50
augmented/7-3/frame_013_20250615_162722_244671_aug4.jpg 1 0 0 50 50
augmented/7-4/frame_000_20250615_162722_523962.jpg 1 0 0 50 50
augmented/7-4/frame_000_20250615_162722_523962_aug1.jpg 1 0 0 50 50
augmented/7-4/frame_000_20250615_162722_523962_aug2.jpg 1 0 0 50 50
augmented/7-4/frame_000_20250615_162722_523962_aug3.jpg 1 0 0 50 50
augmented/7-4/frame_000_20250615_162722_523962_aug4.jpg 1 0 0 50 50
augmented/7-4/frame_001_20250615_162722_787053.jpg 1 0 0 50 50
augmented/7-4/frame_001_20250615_162722_787053_aug1.jpg 1 0 0 50 50
augmented/7-4/frame_001_20250615_162722_787053_aug2.jpg 1 0 0 50 50
augmented/7-4/frame_001_20250615_162722_787053_aug3.jpg 1 0 0 50 50
augmented/7-4/frame_001_20250615_162722_787053_aug4.jpg 1 0 0 50 50
augmented/7-4/frame_002_20250615_162723_039017.jpg 1 0 0 50 50
augmented/7-4/frame_002_20250615_162723_039017_aug1.jpg 1 0 0 50 50
augmented/7-4/frame_002_20250615_162723_039017_aug2.jpg 1 0 0 50 50
augmented/7-4/frame_002_20250615_162723_039017_aug3.jpg 1 0 0 50 50
augmented/7-4/frame_002_20250615_162723_039017_aug4.jpg 1 0 0 50 50
augmented/7-4/frame_003_20250615_162723_324394.jpg 1 0 0 50 50
augmented/7-4/frame_003_20250615_162723_324394_aug1.jpg 1 0 0 50 50
augmented/7-4/frame_003_20250615_162723_324394_aug2.jpg 1 0 0 50 50
augmented/7-4/frame_003_20250615_162723_324394_aug3.jpg 1 0 0 50 50
augmented/7-4/frame_003_20250615_162723_324394_aug4.jpg 1 0 0 50 50
augmented/7-4/frame_004_20250615_162723_602409.jpg 1 0 0 50 50
augmented/7-4/frame_004_20250615_162723_602409_aug1.jpg 1 0 0 50 50
augmented/7-4/frame_004_20250615_162723_602409_aug2.jpg 1 0 0 50 50
augmented/7-4/frame_004_20250615_162723_602409_aug3.jpg 1 0 0 50 50
augmented/7-4/frame_004_20250615_162723_602409_aug4.jpg 1 0 0 50 50
augmented/7-4/frame_005_20250615_162723_860087.jpg 1 0 0 50 50
augmented/7-4/frame_005_20250615_162723_860087_aug1.jpg 1 0 0 50 50
augmented/7-4/frame_005_20250615_162723_860087_aug2.jpg 1 0 0 50 50
augmented/7-4/frame_005_20250615_162723_860087_aug3.jpg 1 0 0 50 50
augmented/7-4/frame_005_20250615_162723_860087_aug4.jpg 1 0 0 50 50
augmented/7-4/frame_006_20250615_162724_110271.jpg 1 0 0 50 50
augmented/7-4/frame_006_20250615_162724_110271_aug1.jpg 1 0 0 50 50
augmented/7-4/frame_006_20250615_162724_110271_aug2.jpg 1 0 0 50 50
augmented/7-4/frame_006_20250615_162724_110271_aug3.jpg 1 0 0 50 50
augmented/7-4/frame_006_20250615_162724_110271_aug4.jpg 1 0 0 50 50
augmented/7-4/frame_007_20250615_162724_368066.jpg 1 0 0 50 50
augmented/7-4/frame_007_20250615_162724_368066_aug1.jpg 1 0 0 50 50
augmented/7-4/frame_007_20250615_162724_368066_aug2.jpg 1 0 0 50 50
augmented/7-4/frame_007_20250615_162724_368066_aug3.jpg 1 0 0 50 50
augmented/7-4/frame_007_20250615_162724_368066_aug4.jpg 1 0 0 50 50
augmented/7-4/frame_008_20250615_162724_618580.jpg 1 0 0 50 50
augmented/7-4/frame_008_20250615_162724_618580_aug1.jpg 1 0 0 50 50
augmented/7-4/frame_008_20250615_162724_618580_aug2.jpg 1 0 0 50 50
augmented/7-4/frame_008_20250615_162724_618580_aug3.jpg 1 0 0 50 50
augmented/7-4/frame_008_20250615_162724_618580_aug4.jpg 1 0 0 50 50
augmented/7-4/frame_009_20250615_162724_862407.jpg 1 0 0 50 50
augmented/7-4/frame_009_20250615_162724_862407_aug1.jpg 1 0 0 50 50
augmented/7-4/frame_009_20250615_162724_862407_aug2.jpg 1 0 0 50 50
augmented/7-4/frame_009_20250615_162724_862407_aug3.jpg 1 0 0 50 50
augmented/7-4/frame_009_20250615_162724_862407_aug4.jpg 1 0 0 50 50
augmented/7-5/frame_000_20250615_162724_981489.jpg 1 0 0 50 50
augmented/7-5/frame_000_20250615_162724_981489_aug1.jpg 1 0 0 50 50
augmented/7-5/frame_000_20250615_162724_981489_aug2.jpg 1 0 0 50 50
augmented/7-5/frame_000_20250615_162724_981489_aug3.jpg 1 0 0 50 50
augmented/7-5/frame_000_20250615_162724_981489_aug4.jpg 1 0 0 50 50
augmented/7-5/frame_001_20250615_162725_230841.jpg 1 0 0 50 50
augmented/7-5/frame_001_20250615_162725_230841_aug1.jpg 1 0 0 50 50
augmented/7-5/frame_001_20250615_162725_230841_aug2.jpg 1 0 0 50 50
augmented/7-5/frame_001_20250615_162725_230841_aug3.jpg 1 0 0 50 50
augmented/7-5/frame_001_20250615_162725_230841_aug4.jpg 1 0 0 50 50
augmented/7-5/frame_002_20250615_162725_506468.jpg 1 0 0 50 50
augmented/7-5/frame_002_20250615_162725_506468_aug1.jpg 1 0 0 50 50
augmented/7-5/frame_002_20250615_162725_506468_aug2.jpg 1 0 0 50 50
augmented/7-5/frame_002_20250615_162725_506468_aug3.jpg 1 0 0 50 50
augmented/7-5/frame_002_20250615_162725_506468_aug4.jpg 1 0 0 50 50
augmented/7-5/frame_003_20250615_162725_757741.jpg 1 0 0 50 50
augmented/7-5/frame_003_20250615_162725_757741_aug1.jpg 1 0 0 50 50
augmented/7-5/frame_003_20250615_162725_757741_aug2.jpg 1 0 0 50 50
augmented/7-5/frame_003_20250615_162725_757741_aug3.jpg 1 0 0 50 50
augmented/7-5/frame_003_20250615_162725_757741_aug4.jpg 1 0 0 50 50
augmented/7-5/frame_004_20250615_162726_037418.jpg 1 0 0 50 50
augmented/7-5/frame_004_20250615_162726_037418_aug1.jpg 1 0 0 50 50
augmented/7-5/frame_004_20250615_162726_037418_aug2.jpg 1 0 0 50 50
augmented/7-5/frame_004_20250615_162726_037418_aug3.jpg 1 0 0 50 50
augmented/7-5/frame_004_20250615_162726_037418_aug4.jpg 1 0 0 50 50
augmented/7-5/frame_005_20250615_162726_294155.jpg 1 0 0 50 50
augmented/7-5/frame_005_20250615_162726_294155_aug1.jpg 1 0 0 50 50
augmented/7-5/frame_005_20250615_162726_294155_aug2.jpg 1 0 0 50 50
augmented/7-5/frame_005_20250615_162726_294155_aug3.jpg 1 0 0 50 50
augmented/7-5/frame_005_20250615_162726_294155_aug4.jpg 1 0 0 50 50
augmented/7-5/frame_006_20250615_162726_592110.jpg 1 0 0 50 50
augmented/7-5/frame_006_20250615_162726_592110_aug1.jpg 1 0 0 50 50
augmented/7-5/frame_006_20250615_162726_592110_aug2.jpg 1 0 0 50 50
augmented/7-5/frame_006_20250615_162726_592110_aug3.jpg 1 0 0 50 50
augmented/7-5/frame_006_20250615_162726_592110_aug4.jpg 1 0 0 50 50
augmented/7-5/frame_007_20250615_162726_881277.jpg 1 0 0 50 50
augmented/7-5/frame_007_20250615_162726_881277_aug1.jpg 1 0 0 50 50
augmented/7-5/frame_007_20250615_162726_881277_aug2.jpg 1 0 0 50 50
augmented/7-5/frame_007_20250615_162726_881277_aug3.jpg 1 0 0 50 50
augmented/7-5/frame_007_20250615_162726_881277_aug4.jpg 1 0 0 50 50
augmented/7-5/frame_008_20250615_162727_180141.jpg 1 0 0 50 50
augmented/7-5/frame_008_20250615_162727_180141_aug1.jpg 1 0 0 50 50
augmented/7-5/frame_008_20250615_162727_180141_aug2.jpg 1 0 0 50 50
augmented/7-5/frame_008_20250615_162727_180141_aug3.jpg 1 0 0 50 50
augmented/7-5/frame_008_20250615_162727_180141_aug4.jpg 1 0 0 50 50
augmented/7-5/frame_009_20250615_162727_462885.jpg 1 0 0 50 50
augmented/7-5/frame_009_20250615_162727_462885_aug1.jpg 1 0 0 50 50
augmented/7-5/frame_009_20250615_162727_462885_aug2.jpg 1 0 0 50 50
augmented/7-5/frame_009_20250615_162727_462885_aug3.jpg 1 0 0 50 50
augmented/7-5/frame_009_20250615_162727_462885_aug4.jpg 1 0 0 50 50
augmented/7-5/frame_010_20250615_162727_752788.jpg 1 0 0 50 50
augmented/7-5/frame_010_20250615_162727_752788_aug1.jpg 1 0 0 50 50
augmented/7-5/frame_010_20250615_162727_752788_aug2.jpg 1 0 0 50 50
augmented/7-5/frame_010_20250615_162727_752788_aug3.jpg 1 0 0 50 50
augmented/7-5/frame_010_20250615_162727_752788_aug4.jpg 1 0 0 50 50
